# INPUT DATA:

# TEST_1:
@CountCalls
def add(a, b):
    return a + b
    
print(add(1, 2))
print(add(2, 3))
print(add.calls)

# TEST_2:
@CountCalls
def square(a):
    return a ** 2
    
for i in range(100):
    square(i)
    
print(square.calls)

# TEST_3:
print = CountCalls(print)

print('hello', 'beegeek')
print('stepik')
print('pygen')
print(print.calls)

# TEST_4:
@CountCalls
def f(x):
    return x ** 2 + 2 * x + 1


digits = [62, 288, 476, 75, 427, 394, 215, 313, 410, 10, 285, 290, 384, 238, 110, 291, 195, 25, 326, 120, 458, 344, 452,
          228, 193, 437, 445, 232, 413, 398, 499, 396, 61, 144, 442, 203, 301, 324, 436, 266, 399, 243, 349, 293, 124,
          459, 112, 295, 258, 10, 248, 417, 40, 4, 384, 371, 70, 352, 173, 47, 467, 77, 440, 208, 23, 483, 174, 390, 95,
          289]

for digit in digits:
    print(f(digit))

print(f.calls)

# TEST_5:
sum = CountCalls(sum)

digits = [[106, 52, 471, 381, 135, 157, 297, 191, 488, 131, 264, 1, 350, 23, 140, 172, 442, 265, 352, 67],
          [498, 166, 364, 1, 391, 414, 274, 323, 341, 494, 143, 195, 63, 172, 256, 217, 217, 171, 174, 385],
          [22, 30, 286, 28, 142, 198, 1, 381, 381, 360, 215, 223, 203, 206, 8, 478, 361, 377, 275, 216],
          [305, 437, 276, 213, 226, 8, 165, 136, 479, 135, 404, 248, 214, 392, 84, 447, 220, 329, 24, 388],
          [152, 319, 221, 438, 286, 398, 140, 104, 417, 216, 201, 325, 40, 323, 369, 379, 370, 336, 451, 241],
          [119, 2, 36, 229, 285, 415, 201, 272, 259, 348, 196, 8, 270, 192, 221, 275, 407, 124, 276, 212],
          [235, 164, 491, 457, 207, 432, 208, 379, 388, 167, 213, 15, 64, 232, 51, 226, 90, 407, 6, 290],
          [244, 246, 313, 151, 446, 118, 336, 114, 159, 347, 30, 475, 256, 153, 411, 56, 170, 367, 104, 70],
          [279, 413, 317, 51, 350, 47, 112, 206, 60, 348, 283, 411, 207, 255, 272, 471, 3, 228, 495, 375],
          [269, 101, 243, 32, 119, 405, 296, 139, 160, 50, 243, 36, 442, 378, 373, 330, 180, 74, 243, 476],
          [82, 227, 323, 59, 184, 107, 287, 377, 170, 155, 32, 136, 320, 278, 226, 499, 78, 222, 425, 165],
          [460, 440, 371, 38, 210, 472, 271, 147, 3, 315, 236, 265, 119, 3, 434, 214, 450, 416, 13, 197],
          [7, 4, 42, 452, 110, 33, 97, 232, 93, 422, 487, 264, 416, 282, 314, 351, 68, 4, 382, 292],
          [20, 256, 271, 473, 255, 102, 55, 206, 257, 382, 217, 477, 219, 4, 341, 443, 442, 161, 186, 166],
          [206, 209, 226, 192, 499, 13, 216, 414, 203, 485, 478, 41, 234, 316, 379, 82, 448, 427, 102, 31],
          [358, 243, 184, 132, 134, 437, 79, 459, 196, 43, 465, 238, 334, 492, 256, 197, 211, 66, 23, 282],
          [475, 79, 157, 75, 355, 163, 21, 134, 158, 49, 443, 169, 55, 132, 397, 312, 362, 2, 27, 32],
          [386, 278, 93, 141, 50, 99, 266, 11, 48, 112, 439, 360, 354, 490, 101, 464, 163, 110, 252, 375],
          [263, 451, 187, 150, 368, 267, 327, 451, 58, 284, 325, 181, 16, 47, 40, 74, 469, 83, 154, 248],
          [346, 420, 221, 307, 227, 155, 228, 117, 406, 9, 277, 378, 79, 76, 419, 425, 346, 300, 491, 70],
          [18, 368, 249, 432, 118, 417, 270, 91, 467, 173, 70, 327, 413, 256, 37, 470, 417, 157, 124, 14],
          [261, 58, 477, 495, 475, 50, 433, 201, 190, 82, 352, 321, 115, 220, 199, 208, 187, 244, 430, 59],
          [216, 300, 413, 396, 49, 74, 473, 300, 412, 193, 29, 243, 81, 192, 147, 18, 253, 314, 203, 480],
          [47, 376, 265, 440, 106, 320, 386, 417, 253, 320, 347, 500, 112, 215, 341, 340, 334, 433, 472, 35],
          [439, 488, 492, 436, 426, 46, 459, 36, 377, 466, 66, 470, 168, 204, 123, 75, 244, 60, 146, 159],
          [180, 32, 40, 391, 15, 52, 56, 213, 352, 249, 53, 408, 406, 468, 431, 356, 218, 70, 416, 147],
          [223, 25, 492, 5, 416, 243, 500, 84, 39, 336, 300, 95, 27, 260, 304, 352, 203, 202, 295, 121],
          [260, 128, 437, 122, 93, 267, 75, 334, 317, 271, 286, 188, 124, 71, 489, 420, 153, 283, 336, 25],
          [414, 274, 176, 129, 1, 205, 273, 63, 410, 45, 353, 186, 423, 273, 322, 43, 454, 70, 114, 94],
          [156, 54, 41, 137, 81, 214, 477, 224, 357, 44, 349, 399, 118, 422, 44, 160, 177, 459, 300, 183],
          [399, 10, 38, 490, 252, 420, 56, 40, 150, 277, 405, 409, 245, 437, 184, 445, 92, 263, 402, 347],
          [375, 81, 230, 318, 471, 251, 287, 71, 270, 160, 491, 113, 288, 287, 447, 150, 317, 149, 211, 458],
          [80, 457, 144, 198, 495, 47, 330, 486, 458, 437, 88, 500, 136, 470, 297, 51, 79, 107, 422, 497],
          [373, 7, 381, 230, 347, 281, 88, 368, 198, 218, 388, 213, 86, 471, 370, 397, 212, 490, 217, 219],
          [90, 217, 499, 173, 72, 35, 7, 322, 500, 487, 264, 334, 389, 286, 325, 354, 414, 59, 210, 97],
          [455, 60, 331, 476, 475, 240, 158, 190, 78, 378, 104, 19, 384, 365, 356, 436, 411, 198, 139, 428],
          [218, 476, 84, 252, 289, 404, 472, 220, 388, 22, 389, 94, 230, 363, 87, 228, 144, 13, 400, 158]]

for item in digits:
    print(sum(item))
print(sum.calls)

# TEST_6:
@CountCalls
def add(a, b):
    return a + b

@CountCalls
def mul(a, b):
    return a * b

print(add(1, 2))
print(add(3, 4))
print(mul(5, 6))

print(add.calls)
print(mul.calls)

