# INPUT DATA:

# TEST_1:
calculator = Calculator()

print(calculator(10, 5, '+'))
print(calculator(10, 5, '-'))
print(calculator(10, 5, '*'))
print(calculator(10, 5, '/'))

# TEST_2:
calculator = Calculator()

try:
    print(calculator(10, 0, '/'))
except ValueError as e:
    print(e)
    print(type(e))

# TEST_3:
calculator = Calculator()

digits = [(5788, 389.122), (6334, -7414.401), (3838, 116.48), (2255, -970.566), (5608, 4462.679), (2265, -5809.124),
          (4171, -4320.41), (4461, -739.404), (2365, 6710.769), (9737, -3271.697), (9349, 2271.422), (7536, -4478.783),
          (4611, 446.54), (277, 1011.298), (2349, -1088.576), (6910, -1170.266), (5414, -7597.13), (7483, -6540.291),
          (473, -3764.18), (9707, -7505.9), (2574, 5694.513), (5043, -109.42), (7930, 8818.272), (4453, -7686.459),
          (3702, -4952.448), (3810, -6957.864), (2623, -4572.709), (9812, -118.552), (9098, -4317.547),
          (7038, -3379.38), (7344, -778.675), (106, 1198.41), (8115, 2361.482), (7859, -2673.109), (6011, 4439.0),
          (3885, 5211.44), (4562, 9367.175), (5753, -288.367), (5021, -1862.18), (61, -9458.312), (3864, -3660.541),
          (1293, 8125.577), (1766, -4509.125), (3697, -8077.731), (8783, 7902.755), (5259, 7810.468), (6102, 9909.111),
          (8977, -4014.448), (8813, -8644.463), (9823, -6736.766), (5542, 8934.13), (6165, -8174.444),
          (7449, -8739.285), (4047, 9427.313), (2062, 6901.914), (5064, -5222.412), (1366, -3755.31), (9379, -4011.95),
          (2629, 9158.762), (3415, -1746.9), (1885, -8979.49), (7089, -2380.287), (515, 6372.265), (5877, -6408.119),
          (7143, 1737.844), (9021, -5034.253), (958, -4773.226), (3579, 6447.487), (7268, 6198.374), (2792, -3246.328),
          (7908, -4144.304), (4852, 8435.837), (9815, 5124.71), (9673, -2817.554), (1236, -4628.124), (4858, 6101.902),
          (8555, -1569.223), (2208, -6941.8), (85, -5216.389), (6426, -8261.941), (2905, -8839.832), (9625, 2477.702),
          (2034, 2661.997), (9945, 1349.839), (2720, 6992.443), (2561, -703.203), (9012, -2578.871), (7620, 8816.52),
          (8707, -5746.247), (8803, 2872.692), (6567, -3670.826), (1297, 6085.37), (3540, 1966.322), (4636, 9378.897),
          (8015, -5856.518), (8755, 2348.671), (9833, 1270.243), (7026, -6907.33), (3286, -6477.58), (2273, 886.3)]

operations = ['+', '-', '*', '/']
count = 0
for a, b in digits:
    ind = count % len(operations)
    print(calculator(a, b, operations[ind]))
    count += 1

# TEST_4:
calculator = Calculator()

print(calculator(10, 0, '+'))
print(calculator(10, 0, '-'))
print(calculator(10, 0, '*'))

